electoral_district,reported,Harris-Walz_Democratic,Trump-Vance_Republican,Trump-Vance_Conservative,Harris-Walz_Working_Families,write_in,assembly_district,ed_map_for_viz,trump_votes,harris_votes,votes_value_for_viz
ED 1,99.00%,371,168,7,26,3,AD   77,77001,175,397,-222
ED 2,99.00%,503,200,7,17,6,AD   77,77002,207,520,-313
ED 3,99.00%,471,144,18,12,2,AD   77,77003,162,483,-321
ED 4,83.33%,94,27,2,6,2,AD   77,77004,29,100,-71
ED 5,99.00%,470,178,11,11,2,AD   77,77005,189,481,-292
ED 6,99.00%,466,155,15,18,2,AD   77,77006,170,484,-314
ED 7,99.00%,478,202,11,12,4,AD   77,77007,213,490,-277
ED 8,99.00%,414,145,10,11,7,AD   77,77008,155,425,-270
ED 9,99.00%,488,200,16,14,6,AD   77,77009,216,502,-286
ED 10,99.00%,449,195,7,21,5,AD   77,77010,202,470,-268
ED 11,99.00%,475,196,15,10,1,AD   77,77011,211,485,-274
ED 12,99.00%,481,144,12,18,6,AD   77,77012,156,499,-343
ED 13,99.00%,553,174,19,14,2,AD   77,77013,193,567,-374
ED 14,99.00%,470,132,6,16,3,AD   77,77014,138,486,-348
ED 15,99.00%,40,20,1,3,0,AD   77,77015,21,43,-22
ED 16,99.00%,98,17,1,5,1,AD   77,77016,18,103,-85
ED 17,99.00%,348,92,6,8,1,AD   77,77017,98,356,-258
ED 18,99.00%,350,103,5,16,5,AD   77,77018,108,366,-258
ED 19,99.00%,418,94,5,10,1,AD   77,77019,99,428,-329
ED 20,99.00%,141,51,3,5,1,AD   77,77020,54,146,-92
ED 21,99.00%,297,119,6,11,3,AD   77,77021,125,308,-183
ED 22,85.71%,250,95,7,4,3,AD   77,77022,102,254,-152
ED 23,85.71%,365,132,6,17,2,AD   77,77023,138,382,-244
ED 24,99.00%,401,114,12,11,2,AD   77,77024,126,412,-286
ED 25,99.00%,246,95,2,6,2,AD   77,77025,97,252,-155
ED 26,99.00%,350,166,6,9,1,AD   77,77026,172,359,-187
ED 27,99.00%,379,163,6,10,2,AD   77,77027,169,389,-220
ED 28,99.00%,264,93,5,5,4,AD   77,77028,98,269,-171
ED 29,99.00%,114,42,5,3,1,AD   77,77029,47,117,-70
ED 30,99.00%,156,51,3,3,0,AD   77,77030,54,159,-105
ED 31,99.00%,334,123,6,10,3,AD   77,77031,129,344,-215
ED 32,99.00%,370,131,7,9,5,AD   77,77032,138,379,-241
ED 33,87.50%,171,59,8,6,3,AD   77,77033,67,177,-110
ED 34,87.50%,149,81,6,3,1,AD   77,77034,87,152,-65
ED 35,87.50%,283,122,8,5,5,AD   77,77035,130,288,-158
ED 36,87.50%,253,117,3,6,2,AD   77,77036,120,259,-139
ED 37,87.50%,338,108,11,17,3,AD   77,77037,119,355,-236
ED 38,99.00%,246,74,5,6,3,AD   77,77038,79,252,-173
ED 39,87.50%,340,167,6,8,2,AD   77,77039,173,348,-175
ED 40,99.00%,348,125,15,10,4,AD   77,77040,140,358,-218
ED 41,99.00%,387,161,7,19,5,AD   77,77041,168,406,-238
ED 42,99.00%,398,156,9,4,2,AD   77,77042,165,402,-237
ED 43,99.00%,0,1,0,0,0,AD   77,77043,1,0,1
ED 44,99.00%,422,136,4,10,7,AD   77,77044,140,432,-292
ED 45,83.33%,51,14,1,0,0,AD   77,77045,15,51,-36
ED 46,83.33%,325,112,1,11,4,AD   77,77046,113,336,-223
ED 47,99.00%,510,129,10,29,14,AD   77,77047,139,539,-400
ED 48,83.33%,152,54,2,2,4,AD   77,77048,56,154,-98
ED 49,99.00%,691,123,14,35,20,AD   77,77049,137,726,-589
ED 50,83.33%,376,93,6,6,2,AD   77,77050,99,382,-283
ED 51,99.00%,292,94,2,17,7,AD   77,77051,96,309,-213
ED 52,99.00%,474,159,7,17,7,AD   77,77052,166,491,-325
ED 53,99.00%,397,144,9,8,7,AD   77,77053,153,405,-252
ED 54,99.00%,220,121,2,5,2,AD   77,77054,123,225,-102
ED 55,99.00%,119,60,4,4,0,AD   77,77055,64,123,-59
ED 56,99.00%,273,148,11,4,4,AD   77,77056,159,277,-118
ED 57,99.00%,0,0,0,0,0,AD   77,77057,0,0,0
ED 58,83.33%,0,0,0,0,0,AD   77,77058,0,0,0
ED 59,99.00%,0,0,0,0,0,AD   77,77059,0,0,0
ED 60,99.00%,0,0,0,0,0,AD   77,77060,0,0,0
ED 61,99.00%,0,0,0,0,0,AD   77,77061,0,0,0
ED 62,99.00%,0,0,0,0,0,AD   77,77062,0,0,0
ED 63,99.00%,0,0,0,0,0,AD   77,77063,0,0,0
ED 1,99.00%,366,117,8,15,4,AD   78,78001,125,381,-256
ED 2,99.00%,484,123,8,19,4,AD   78,78002,131,503,-372
ED 3,99.00%,407,142,11,9,0,AD   78,78003,153,416,-263
ED 4,99.00%,360,96,8,12,1,AD   78,78004,104,372,-268
ED 5,99.00%,265,122,9,10,4,AD   78,78005,131,275,-144
ED 6,99.00%,262,115,6,9,3,AD   78,78006,121,271,-150
ED 7,99.00%,381,161,14,14,3,AD   78,78007,175,395,-220
ED 8,99.00%,230,125,8,7,8,AD   78,78008,133,237,-104
ED 9,99.00%,229,96,10,12,9,AD   78,78009,106,241,-135
ED 10,99.00%,401,113,12,18,4,AD   78,78010,125,419,-294
ED 11,99.00%,211,58,6,12,6,AD   78,78011,64,223,-159
ED 12,87.50%,243,119,12,14,6,AD   78,78012,131,257,-126
ED 13,87.50%,248,77,4,7,1,AD   78,78013,81,255,-174
ED 14,99.00%,335,144,13,11,3,AD   78,78014,157,346,-189
ED 15,99.00%,64,33,4,3,0,AD   78,78015,37,67,-30
ED 16,99.00%,225,99,6,10,7,AD   78,78016,105,235,-130
ED 17,99.00%,397,215,8,8,9,AD   78,78017,223,405,-182
ED 18,99.00%,373,203,12,8,3,AD   78,78018,215,381,-166
ED 19,99.00%,355,142,9,21,4,AD   78,78019,151,376,-225
ED 20,99.00%,428,159,14,14,5,AD   78,78020,173,442,-269
ED 21,99.00%,309,171,5,17,3,AD   78,78021,176,326,-150
ED 22,99.00%,350,203,16,21,6,AD   78,78022,219,371,-152
ED 23,87.50%,363,147,9,20,8,AD   78,78023,156,383,-227
ED 24,87.50%,56,18,0,2,1,AD   78,78024,18,58,-40
ED 25,99.00%,381,152,16,19,11,AD   78,78025,168,400,-232
ED 26,87.50%,284,117,5,18,5,AD   78,78026,122,302,-180
ED 27,87.50%,379,170,16,21,10,AD   78,78027,186,400,-214
ED 28,99.00%,502,241,17,38,14,AD   78,78028,258,540,-282
ED 29,99.00%,468,244,10,33,5,AD   78,78029,254,501,-247
ED 30,99.00%,452,162,11,21,13,AD   78,78030,173,473,-300
ED 31,99.00%,248,88,6,14,3,AD   78,78031,94,262,-168
ED 32,99.00%,512,96,4,18,7,AD   78,78032,100,530,-430
ED 33,90.00%,354,191,12,12,6,AD   78,78033,203,366,-163
ED 34,90.00%,313,195,5,15,5,AD   78,78034,200,328,-128
ED 35,90.00%,257,185,9,16,3,AD   78,78035,194,273,-79
ED 36,99.00%,512,182,15,14,12,AD   78,78036,197,526,-329
ED 37,99.00%,422,212,11,13,4,AD   78,78037,223,435,-212
ED 38,90.00%,236,114,8,13,0,AD   78,78038,122,249,-127
ED 39,99.00%,366,196,16,21,0,AD   78,78039,212,387,-175
ED 40,99.00%,306,132,7,9,2,AD   78,78040,139,315,-176
ED 41,99.00%,306,206,18,11,11,AD   78,78041,224,317,-93
ED 42,99.00%,376,163,3,13,5,AD   78,78042,166,389,-223
ED 43,99.00%,340,232,22,7,4,AD   78,78043,254,347,-93
ED 44,99.00%,268,161,14,13,8,AD   78,78044,175,281,-106
ED 45,99.00%,248,120,2,2,3,AD   78,78045,122,250,-128
ED 46,99.00%,317,153,7,11,6,AD   78,78046,160,328,-168
ED 47,99.00%,342,203,9,14,3,AD   78,78047,212,356,-144
ED 48,99.00%,1,1,0,0,0,AD   78,78048,1,1,0
ED 49,99.00%,393,147,13,19,12,AD   78,78049,160,412,-252
ED 50,99.00%,141,105,6,8,4,AD   78,78050,111,149,-38
ED 52,99.00%,0,0,0,0,0,AD   78,78052,0,0,0
ED 53,99.00%,0,0,0,0,0,AD   78,78053,0,0,0
ED 54,87.50%,0,0,0,0,0,AD   78,78054,0,0,0
ED 55,99.00%,0,0,0,0,0,AD   78,78055,0,0,0
ED 1,99.00%,464,103,8,8,3,AD   79,79001,111,472,-361
ED 2,99.00%,62,30,4,0,2,AD   79,79002,34,62,-28
ED 3,99.00%,391,106,6,16,1,AD   79,79003,112,407,-295
ED 4,99.00%,267,124,7,7,3,AD   79,79004,131,274,-143
ED 5,99.00%,251,82,5,5,2,AD   79,79005,87,256,-169
ED 6,99.00%,221,84,4,5,2,AD   79,79006,88,226,-138
ED 7,99.00%,51,13,1,2,0,AD   79,79007,14,53,-39
ED 8,99.00%,250,61,3,10,0,AD   79,79008,64,260,-196
ED 9,99.00%,133,44,3,2,1,AD   79,79009,47,135,-88
ED 10,99.00%,345,101,7,2,4,AD   79,79010,108,347,-239
ED 11,99.00%,436,100,10,6,5,AD   79,79011,110,442,-332
ED 12,99.00%,476,138,19,16,2,AD   79,79012,157,492,-335
ED 13,99.00%,365,74,12,12,3,AD   79,79013,86,377,-291
ED 14,99.00%,370,110,9,8,4,AD   79,79014,119,378,-259
ED 15,99.00%,504,133,10,13,5,AD   79,79015,143,517,-374
ED 16,99.00%,245,62,4,7,3,AD   79,79016,66,252,-186
ED 17,99.00%,333,123,6,12,1,AD   79,79017,129,345,-216
ED 18,99.00%,285,70,6,11,3,AD   79,79018,76,296,-220
ED 19,99.00%,190,50,2,4,0,AD   79,79019,52,194,-142
ED 20,99.00%,386,101,8,12,4,AD   79,79020,109,398,-289
ED 21,99.00%,283,84,7,13,7,AD   79,79021,91,296,-205
ED 22,99.00%,380,119,10,11,4,AD   79,79022,129,391,-262
ED 23,99.00%,397,196,7,13,4,AD   79,79023,203,410,-207
ED 24,99.00%,314,103,5,13,1,AD   79,79024,108,327,-219
ED 25,99.00%,206,76,2,6,0,AD   79,79025,78,212,-134
ED 26,99.00%,224,65,5,14,3,AD   79,79026,70,238,-168
ED 27,99.00%,424,117,11,15,5,AD   79,79027,128,439,-311
ED 28,99.00%,506,132,11,23,8,AD   79,79028,143,529,-386
ED 29,99.00%,484,154,7,22,4,AD   79,79029,161,506,-345
ED 30,99.00%,328,78,6,12,2,AD   79,79030,84,340,-256
ED 31,99.00%,312,98,11,13,3,AD   79,79031,109,325,-216
ED 32,99.00%,492,158,15,15,6,AD   79,79032,173,507,-334
ED 33,99.00%,233,56,8,12,3,AD   79,79033,64,245,-181
ED 34,99.00%,406,158,9,15,4,AD   79,79034,167,421,-254
ED 35,99.00%,445,109,17,18,2,AD   79,79035,126,463,-337
ED 36,99.00%,339,103,11,9,6,AD   79,79036,114,348,-234
ED 37,99.00%,449,149,13,13,6,AD   79,79037,162,462,-300
ED 38,99.00%,330,101,8,6,7,AD   79,79038,109,336,-227
ED 39,99.00%,277,82,6,7,2,AD   79,79039,88,284,-196
ED 40,99.00%,513,138,12,6,1,AD   79,79040,150,519,-369
ED 41,99.00%,313,89,9,10,6,AD   79,79041,98,323,-225
ED 42,99.00%,321,101,10,12,3,AD   79,79042,111,333,-222
ED 43,99.00%,707,155,19,32,7,AD   79,79043,174,739,-565
ED 44,90.00%,331,115,12,18,2,AD   79,79044,127,349,-222
ED 45,99.00%,329,93,5,14,3,AD   79,79045,98,343,-245
ED 46,99.00%,493,149,9,27,3,AD   79,79046,158,520,-362
ED 47,99.00%,505,132,11,32,9,AD   79,79047,143,537,-394
ED 48,90.00%,76,21,0,6,1,AD   79,79048,21,82,-61
ED 49,90.00%,147,53,2,5,1,AD   79,79049,55,152,-97
ED 50,90.00%,334,109,7,21,1,AD   79,79050,116,355,-239
ED 51,90.00%,319,148,13,14,6,AD   79,79051,161,333,-172
ED 52,90.00%,354,105,6,11,2,AD   79,79052,111,365,-254
ED 53,99.00%,303,77,5,12,0,AD   79,79053,82,315,-233
ED 54,99.00%,565,63,13,15,6,AD   79,79054,76,580,-504
ED 55,99.00%,690,92,17,26,6,AD   79,79055,109,716,-607
ED 56,99.00%,396,60,8,12,2,AD   79,79056,68,408,-340
ED 57,99.00%,174,63,5,8,3,AD   79,79057,68,182,-114
ED 58,99.00%,65,23,4,4,0,AD   79,79058,27,69,-42
ED 59,90.00%,207,59,4,2,1,AD   79,79059,63,209,-146
ED 1,99.00%,85,30,3,5,2,AD   80,80001,33,90,-57
ED 2,99.00%,296,125,6,12,9,AD   80,80002,131,308,-177
ED 3,99.00%,289,163,16,15,12,AD   80,80003,179,304,-125
ED 4,99.00%,175,220,21,8,6,AD   80,80004,241,183,58
ED 5,99.00%,249,175,11,19,38,AD   80,80005,186,268,-82
ED 6,99.00%,375,303,27,29,23,AD   80,80006,330,404,-74
ED 7,99.00%,169,87,2,7,2,AD   80,80007,89,176,-87
ED 8,99.00%,403,214,9,28,14,AD   80,80008,223,431,-208
ED 9,99.00%,159,102,3,9,3,AD   80,80009,105,168,-63
ED 10,99.00%,235,251,21,13,8,AD   80,80010,272,248,24
ED 11,99.00%,333,205,13,18,8,AD   80,80011,218,351,-133
ED 12,99.00%,446,226,16,38,4,AD   80,80012,242,484,-242
ED 13,99.00%,439,216,10,28,9,AD   80,80013,226,467,-241
ED 14,99.00%,421,140,10,34,9,AD   80,80014,150,455,-305
ED 15,99.00%,497,180,10,18,9,AD   80,80015,190,515,-325
ED 16,99.00%,386,198,21,26,15,AD   80,80016,219,412,-193
ED 17,99.00%,476,227,13,25,19,AD   80,80017,240,501,-261
ED 18,99.00%,300,257,19,10,2,AD   80,80018,276,310,-34
ED 19,99.00%,213,237,21,18,18,AD   80,80019,258,231,27
ED 20,99.00%,329,472,23,20,21,AD   80,80020,495,349,146
ED 21,99.00%,372,169,10,38,15,AD   80,80021,179,410,-231
ED 22,99.00%,267,116,9,7,3,AD   80,80022,125,274,-149
ED 23,99.00%,341,409,30,22,17,AD   80,80023,439,363,76
ED 24,99.00%,366,201,26,20,7,AD   80,80024,227,386,-159
ED 25,99.00%,215,114,7,9,4,AD   80,80025,121,224,-103
ED 26,99.00%,497,212,15,19,7,AD   80,80026,227,516,-289
ED 27,99.00%,181,35,5,3,1,AD   80,80027,40,184,-144
ED 28,99.00%,84,17,0,2,0,AD   80,80028,17,86,-69
ED 29,99.00%,442,148,17,10,19,AD   80,80029,165,452,-287
ED 30,87.50%,462,171,11,21,23,AD   80,80030,182,483,-301
ED 31,99.00%,250,85,8,2,3,AD   80,80031,93,252,-159
ED 32,99.00%,169,65,4,6,2,AD   80,80032,69,175,-106
ED 33,99.00%,73,15,3,1,0,AD   80,80033,18,74,-56
ED 34,99.00%,542,111,10,9,4,AD   80,80034,121,551,-430
ED 35,99.00%,561,154,20,26,6,AD   80,80035,174,587,-413
ED 36,99.00%,276,54,2,14,3,AD   80,80036,56,290,-234
ED 37,99.00%,454,108,5,25,12,AD   80,80037,113,479,-366
ED 38,99.00%,468,97,12,9,5,AD   80,80038,109,477,-368
ED 39,99.00%,0,0,0,0,0,AD   80,80039,0,0,0
ED 40,99.00%,333,210,9,17,13,AD   80,80040,219,350,-131
ED 41,99.00%,477,359,32,17,16,AD   80,80041,391,494,-103
ED 42,99.00%,563,341,23,25,26,AD   80,80042,364,588,-224
ED 43,87.50%,493,331,21,29,16,AD   80,80043,352,522,-170
ED 44,87.50%,349,110,17,9,2,AD   80,80044,127,358,-231
ED 45,99.00%,404,171,9,15,6,AD   80,80045,180,419,-239
ED 46,99.00%,283,124,3,12,7,AD   80,80046,127,295,-168
ED 47,87.50%,187,144,7,11,8,AD   80,80047,151,198,-47
ED 48,99.00%,269,183,12,7,5,AD   80,80048,195,276,-81
ED 49,99.00%,312,129,12,14,7,AD   80,80049,141,326,-185
ED 50,99.00%,361,107,16,15,14,AD   80,80050,123,376,-253
ED 51,99.00%,359,119,6,12,4,AD   80,80051,125,371,-246
ED 52,99.00%,52,9,0,1,0,AD   80,80052,9,53,-44
ED 53,99.00%,343,155,10,21,5,AD   80,80053,165,364,-199
ED 54,99.00%,888,135,9,15,6,AD   80,80054,144,903,-759
ED 55,99.00%,388,187,10,15,9,AD   80,80055,197,403,-206
ED 56,99.00%,362,193,10,18,22,AD   80,80056,203,380,-177
ED 57,99.00%,480,194,17,24,28,AD   80,80057,211,504,-293
ED 58,99.00%,256,134,7,10,3,AD   80,80058,141,266,-125
ED 59,99.00%,235,104,6,11,12,AD   80,80059,110,246,-136
ED 60,99.00%,84,120,8,6,8,AD   80,80060,128,90,38
ED 61,99.00%,1,1,0,0,0,AD   80,80061,1,1,0
ED 62,99.00%,102,49,4,4,13,AD   80,80062,53,106,-53
ED 63,99.00%,110,76,0,6,2,AD   80,80063,76,116,-40
ED 64,99.00%,28,7,1,0,0,AD   80,80064,8,28,-20
ED 65,99.00%,0,0,0,0,0,AD   80,80065,0,0,0
ED 66,99.00%,0,0,0,0,0,AD   80,80066,0,0,0
ED 67,99.00%,0,0,0,0,0,AD   80,80067,0,0,0
ED 1,99.00%,323,176,14,8,9,AD   81,81001,190,331,-141
ED 2,99.00%,427,201,16,23,7,AD   81,81002,217,450,-233
ED 3,99.00%,225,155,9,9,6,AD   81,81003,164,234,-70
ED 4,99.00%,256,84,4,8,1,AD   81,81004,88,264,-176
ED 5,99.00%,236,157,10,23,12,AD   81,81005,167,259,-92
ED 6,99.00%,391,192,11,18,2,AD   81,81006,203,409,-206
ED 7,99.00%,269,93,8,21,12,AD   81,81007,101,290,-189
ED 8,99.00%,374,125,17,25,23,AD   81,81008,142,399,-257
ED 9,99.00%,300,146,9,22,8,AD   81,81009,155,322,-167
ED 10,99.00%,449,241,19,31,13,AD   81,81010,260,480,-220
ED 11,99.00%,583,289,19,42,24,AD   81,81011,308,625,-317
ED 12,99.00%,306,181,21,25,4,AD   81,81012,202,331,-129
ED 13,99.00%,49,31,1,6,2,AD   81,81013,32,55,-23
ED 14,80.00%,524,188,14,39,14,AD   81,81014,202,563,-361
ED 15,80.00%,454,102,11,36,6,AD   81,81015,113,490,-377
ED 16,80.00%,325,87,10,26,12,AD   81,81016,97,351,-254
ED 17,99.00%,741,256,24,81,30,AD   81,81017,280,822,-542
ED 18,99.00%,408,106,10,6,4,AD   81,81018,116,414,-298
ED 19,99.00%,669,157,9,57,17,AD   81,81019,166,726,-560
ED 20,99.00%,475,116,16,56,10,AD   81,81020,132,531,-399
ED 21,99.00%,588,151,10,85,21,AD   81,81021,161,673,-512
ED 22,99.00%,585,217,10,46,14,AD   81,81022,227,631,-404
ED 23,99.00%,489,128,15,50,6,AD   81,81023,143,539,-396
ED 24,99.00%,393,86,10,10,6,AD   81,81024,96,403,-307
ED 25,99.00%,227,141,5,16,11,AD   81,81025,146,243,-97
ED 26,99.00%,686,193,21,60,24,AD   81,81026,214,746,-532
ED 27,80.00%,669,144,8,34,14,AD   81,81027,152,703,-551
ED 28,99.00%,832,198,13,46,17,AD   81,81028,211,878,-667
ED 29,99.00%,710,250,16,53,29,AD   81,81029,266,763,-497
ED 30,99.00%,568,257,12,46,22,AD   81,81030,269,614,-345
ED 31,99.00%,772,280,12,44,16,AD   81,81031,292,816,-524
ED 32,99.00%,482,211,13,45,14,AD   81,81032,224,527,-303
ED 33,99.00%,310,98,11,13,10,AD   81,81033,109,323,-214
ED 34,99.00%,631,142,15,36,11,AD   81,81034,157,667,-510
ED 35,99.00%,573,161,18,42,13,AD   81,81035,179,615,-436
ED 36,99.00%,368,140,19,31,11,AD   81,81036,159,399,-240
ED 37,99.00%,599,217,21,49,20,AD   81,81037,238,648,-410
ED 38,99.00%,386,174,26,31,20,AD   81,81038,200,417,-217
ED 39,99.00%,453,191,18,35,13,AD   81,81039,209,488,-279
ED 40,99.00%,393,203,20,32,15,AD   81,81040,223,425,-202
ED 41,99.00%,272,301,27,18,16,AD   81,81041,328,290,38
ED 42,99.00%,294,307,22,43,20,AD   81,81042,329,337,-8
ED 43,99.00%,400,352,40,31,10,AD   81,81043,392,431,-39
ED 44,99.00%,661,125,13,16,7,AD   81,81044,138,677,-539
ED 45,99.00%,406,194,29,29,7,AD   81,81045,223,435,-212
ED 46,99.00%,249,60,3,26,6,AD   81,81046,63,275,-212
ED 47,99.00%,435,218,15,15,16,AD   81,81047,233,450,-217
ED 48,99.00%,565,207,23,25,6,AD   81,81048,230,590,-360
ED 49,99.00%,428,150,13,22,7,AD   81,81049,163,450,-287
ED 50,99.00%,365,181,10,15,8,AD   81,81050,191,380,-189
ED 51,99.00%,430,127,12,25,10,AD   81,81051,139,455,-316
ED 52,99.00%,449,72,10,11,1,AD   81,81052,82,460,-378
ED 53,99.00%,447,238,20,44,16,AD   81,81053,258,491,-233
ED 54,99.00%,621,253,21,60,12,AD   81,81054,274,681,-407
ED 55,99.00%,148,55,7,10,4,AD   81,81055,62,158,-96
ED 56,99.00%,330,124,14,37,22,AD   81,81056,138,367,-229
ED 57,99.00%,412,75,2,12,9,AD   81,81057,77,424,-347
ED 58,99.00%,409,103,8,18,2,AD   81,81058,111,427,-316
ED 59,99.00%,378,79,1,6,3,AD   81,81059,80,384,-304
ED 60,80.00%,0,0,0,0,0,AD   81,81060,0,0,0
ED 61,99.00%,0,0,0,0,0,AD   81,81061,0,0,0
ED 62,99.00%,0,0,0,0,0,AD   81,81062,0,0,0
ED 63,99.00%,1,0,0,0,0,AD   81,81063,0,1,-1
ED 1,99.00%,295,557,50,19,8,AD   82,82001,607,314,293
ED 2,99.00%,110,223,21,4,2,AD   82,82002,244,114,130
ED 3,99.00%,345,326,32,10,10,AD   82,82003,358,355,3
ED 4,99.00%,338,335,23,17,4,AD   82,82004,358,355,3
ED 5,99.00%,240,287,26,15,6,AD   82,82005,313,255,58
ED 6,99.00%,220,511,21,13,3,AD   82,82006,532,233,299
ED 7,99.00%,323,261,31,12,7,AD   82,82007,292,335,-43
ED 8,99.00%,277,325,24,17,13,AD   82,82008,349,294,55
ED 9,99.00%,390,292,26,19,4,AD   82,82009,318,409,-91
ED 10,99.00%,490,301,27,25,3,AD   82,82010,328,515,-187
ED 11,99.00%,377,239,21,17,7,AD   82,82011,260,394,-134
ED 12,99.00%,282,59,10,12,3,AD   82,82012,69,294,-225
ED 13,99.00%,268,68,6,10,2,AD   82,82013,74,278,-204
ED 14,99.00%,295,57,10,8,0,AD   82,82014,67,303,-236
ED 15,99.00%,374,286,37,33,14,AD   82,82015,323,407,-84
ED 16,99.00%,397,288,28,14,13,AD   82,82016,316,411,-95
ED 17,99.00%,41,21,2,1,0,AD   82,82017,23,42,-19
ED 18,99.00%,303,425,42,20,8,AD   82,82018,467,323,144
ED 19,99.00%,301,480,32,17,7,AD   82,82019,512,318,194
ED 20,99.00%,329,600,48,17,4,AD   82,82020,648,346,302
ED 21,99.00%,217,427,38,8,8,AD   82,82021,465,225,240
ED 22,99.00%,177,325,22,8,4,AD   82,82022,347,185,162
ED 23,99.00%,198,297,27,10,4,AD   82,82023,324,208,116
ED 24,99.00%,182,255,13,16,4,AD   82,82024,268,198,70
ED 25,99.00%,491,259,24,27,10,AD   82,82025,283,518,-235
ED 26,99.00%,299,217,24,23,9,AD   82,82026,241,322,-81
ED 27,99.00%,273,255,18,23,11,AD   82,82027,273,296,-23
ED 28,99.00%,510,325,25,27,9,AD   82,82028,350,537,-187
ED 29,99.00%,435,253,34,34,8,AD   82,82029,287,469,-182
ED 30,85.71%,361,197,26,22,8,AD   82,82030,223,383,-160
ED 31,85.71%,274,239,20,26,14,AD   82,82031,259,300,-41
ED 32,85.71%,351,347,24,37,9,AD   82,82032,371,388,-17
ED 33,99.00%,326,312,16,22,10,AD   82,82033,328,348,-20
ED 34,99.00%,282,169,19,18,6,AD   82,82034,188,300,-112
ED 35,99.00%,141,83,7,7,4,AD   82,82035,90,148,-58
ED 36,99.00%,351,208,15,15,23,AD   82,82036,223,366,-143
ED 37,99.00%,13,2,0,2,0,AD   82,82037,2,15,-13
ED 38,99.00%,400,328,28,23,19,AD   82,82038,356,423,-67
ED 39,99.00%,309,242,23,25,9,AD   82,82039,265,334,-69
ED 40,99.00%,335,166,11,24,20,AD   82,82040,177,359,-182
ED 41,99.00%,508,433,33,45,11,AD   82,82041,466,553,-87
ED 42,99.00%,484,455,30,47,14,AD   82,82042,485,531,-46
ED 43,99.00%,208,236,13,15,4,AD   82,82043,249,223,26
ED 44,85.71%,223,189,18,13,7,AD   82,82044,207,236,-29
ED 45,99.00%,4,2,0,0,0,AD   82,82045,2,4,-2
ED 46,99.00%,678,92,16,27,4,AD   82,82046,108,705,-597
ED 47,99.00%,564,76,7,14,6,AD   82,82047,83,578,-495
ED 48,99.00%,801,100,11,29,10,AD   82,82048,111,830,-719
ED 49,99.00%,692,92,6,18,2,AD   82,82049,98,710,-612
ED 50,99.00%,593,64,5,17,6,AD   82,82050,69,610,-541
ED 51,99.00%,607,45,10,18,2,AD   82,82051,55,625,-570
ED 52,99.00%,1,2,0,0,0,AD   82,82052,2,1,1
ED 53,99.00%,109,94,7,8,2,AD   82,82053,101,117,-16
ED 54,99.00%,842,98,8,34,5,AD   82,82054,106,876,-770
ED 55,99.00%,747,135,18,29,6,AD   82,82055,153,776,-623
ED 56,99.00%,672,90,10,18,1,AD   82,82056,100,690,-590
ED 57,99.00%,798,124,4,28,8,AD   82,82057,128,826,-698
ED 58,99.00%,824,79,13,24,3,AD   82,82058,92,848,-756
ED 59,99.00%,822,106,12,22,6,AD   82,82059,118,844,-726
ED 60,99.00%,740,109,7,21,10,AD   82,82060,116,761,-645
ED 61,99.00%,783,89,10,31,4,AD   82,82061,99,814,-715
ED 62,99.00%,680,73,16,16,7,AD   82,82062,89,696,-607
ED 63,99.00%,804,113,15,20,13,AD   82,82063,128,824,-696
ED 64,99.00%,821,122,14,19,3,AD   82,82064,136,840,-704
ED 65,99.00%,713,106,7,19,2,AD   82,82065,113,732,-619
ED 66,99.00%,514,96,9,18,6,AD   82,82066,105,532,-427
ED 67,99.00%,0,0,0,0,0,AD   82,82067,0,0,0
ED 68,99.00%,0,0,0,0,0,AD   82,82068,0,0,0
ED 69,99.00%,0,0,0,0,0,AD   82,82069,0,0,0
ED 70,99.00%,0,0,0,0,0,AD   82,82070,0,0,0
ED 71,99.00%,0,0,0,0,0,AD   82,82071,0,0,0
ED 72,99.00%,0,0,0,0,0,AD   82,82072,0,0,0
ED 73,99.00%,0,0,0,0,0,AD   82,82073,0,0,0
ED 74,99.00%,0,0,0,0,0,AD   82,82074,0,0,0
ED 75,99.00%,0,0,0,0,0,AD   82,82075,0,0,0
ED 76,99.00%,0,0,0,0,0,AD   82,82076,0,0,0
ED 77,99.00%,0,0,0,0,0,AD   82,82077,0,0,0
ED 78,99.00%,0,0,0,0,0,AD   82,82078,0,0,0
ED 79,99.00%,0,0,0,0,0,AD   82,82079,0,0,0
ED 1,88.89%,632,87,9,5,1,AD   83,83001,96,637,-541
ED 2,88.89%,620,66,14,20,8,AD   83,83002,80,640,-560
ED 3,88.89%,582,96,17,17,5,AD   83,83003,113,599,-486
ED 4,88.89%,496,52,6,16,2,AD   83,83004,58,512,-454
ED 5,88.89%,527,49,11,9,3,AD   83,83005,60,536,-476
ED 6,99.00%,714,69,11,17,6,AD   83,83006,80,731,-651
ED 7,99.00%,732,73,13,16,2,AD   83,83007,86,748,-662
ED 8,99.00%,458,71,6,7,11,AD   83,83008,77,465,-388
ED 9,99.00%,416,72,3,9,1,AD   83,83009,75,425,-350
ED 10,99.00%,474,79,4,12,3,AD   83,83010,83,486,-403
ED 11,99.00%,653,89,8,16,4,AD   83,83011,97,669,-572
ED 12,99.00%,439,75,4,9,6,AD   83,83012,79,448,-369
ED 13,99.00%,392,71,8,20,11,AD   83,83013,79,412,-333
ED 14,99.00%,397,85,4,16,4,AD   83,83014,89,413,-324
ED 15,99.00%,547,95,7,16,8,AD   83,83015,102,563,-461
ED 16,99.00%,570,61,6,16,4,AD   83,83016,67,586,-519
ED 17,99.00%,545,79,3,14,6,AD   83,83017,82,559,-477
ED 18,99.00%,376,64,5,11,5,AD   83,83018,69,387,-318
ED 19,99.00%,492,85,7,23,1,AD   83,83019,92,515,-423
ED 20,99.00%,623,80,13,16,11,AD   83,83020,93,639,-546
ED 21,99.00%,682,52,3,16,7,AD   83,83021,55,698,-643
ED 22,99.00%,702,79,7,15,3,AD   83,83022,86,717,-631
ED 23,99.00%,801,78,7,17,9,AD   83,83023,85,818,-733
ED 24,99.00%,514,60,5,13,3,AD   83,83024,65,527,-462
ED 25,99.00%,709,57,12,15,7,AD   83,83025,69,724,-655
ED 26,99.00%,578,74,9,17,3,AD   83,83026,83,595,-512
ED 27,99.00%,396,77,14,8,2,AD   83,83027,91,404,-313
ED 28,99.00%,421,54,3,10,1,AD   83,83028,57,431,-374
ED 29,99.00%,356,48,7,7,3,AD   83,83029,55,363,-308
ED 30,99.00%,482,113,4,17,7,AD   83,83030,117,499,-382
ED 31,99.00%,494,96,8,19,3,AD   83,83031,104,513,-409
ED 32,99.00%,628,81,6,16,3,AD   83,83032,87,644,-557
ED 33,99.00%,609,69,3,18,4,AD   83,83033,72,627,-555
ED 34,99.00%,537,81,5,13,6,AD   83,83034,86,550,-464
ED 35,99.00%,588,83,14,13,3,AD   83,83035,97,601,-504
ED 36,99.00%,399,44,2,13,2,AD   83,83036,46,412,-366
ED 37,99.00%,379,28,1,14,5,AD   83,83037,29,393,-364
ED 38,99.00%,381,75,7,12,4,AD   83,83038,82,393,-311
ED 39,99.00%,487,59,5,10,2,AD   83,83039,64,497,-433
ED 40,99.00%,255,42,4,7,2,AD   83,83040,46,262,-216
ED 41,88.89%,740,53,3,18,4,AD   83,83041,56,758,-702
ED 42,99.00%,302,44,7,5,1,AD   83,83042,51,307,-256
ED 43,88.89%,468,54,8,15,5,AD   83,83043,62,483,-421
ED 44,88.89%,802,69,13,19,4,AD   83,83044,82,821,-739
ED 45,99.00%,417,33,5,8,4,AD   83,83045,38,425,-387
ED 46,99.00%,654,114,17,18,7,AD   83,83046,131,672,-541
ED 47,99.00%,602,70,8,10,4,AD   83,83047,78,612,-534
ED 48,99.00%,699,76,8,15,1,AD   83,83048,84,714,-630
ED 49,99.00%,319,51,6,10,2,AD   83,83049,57,329,-272
ED 50,99.00%,345,80,11,12,2,AD   83,83050,91,357,-266
ED 51,99.00%,258,55,9,14,3,AD   83,83051,64,272,-208
ED 52,99.00%,383,67,0,9,1,AD   83,83052,67,392,-325
ED 53,99.00%,395,27,5,13,0,AD   83,83053,32,408,-376
ED 54,99.00%,565,81,4,11,3,AD   83,83054,85,576,-491
ED 55,99.00%,0,0,0,0,0,AD   83,83055,0,0,0
ED 56,99.00%,0,0,0,0,0,AD   83,83056,0,0,0
ED 57,99.00%,0,0,0,0,0,AD   83,83057,0,0,0
ED 58,99.00%,253,43,4,7,4,AD   83,83058,47,260,-213
ED 59,99.00%,71,4,0,1,0,AD   83,83059,4,72,-68
ED 60,99.00%,2,0,0,0,0,AD   83,83060,0,2,-2
ED 61,99.00%,201,30,5,3,0,AD   83,83061,35,204,-169
ED 62,99.00%,207,30,1,3,3,AD   83,83062,31,210,-179
ED 63,88.89%,274,16,2,6,0,AD   83,83063,18,280,-262
ED 64,88.89%,66,12,2,5,0,AD   83,83064,14,71,-57
ED 65,88.89%,59,14,1,3,0,AD   83,83065,15,62,-47
ED 66,99.00%,126,9,2,2,0,AD   83,83066,11,128,-117
ED 67,99.00%,101,8,1,2,0,AD   83,83067,9,103,-94
ED 1,99.00%,478,209,10,7,5,AD   84,84001,219,485,-266
ED 2,99.00%,146,62,4,7,1,AD   84,84002,66,153,-87
ED 3,99.00%,377,213,8,11,2,AD   84,84003,221,388,-167
ED 4,99.00%,432,203,12,15,12,AD   84,84004,215,447,-232
ED 5,99.00%,417,177,9,13,4,AD   84,84005,186,430,-244
ED 6,99.00%,420,215,10,13,7,AD   84,84006,225,433,-208
ED 7,99.00%,307,161,12,20,9,AD   84,84007,173,327,-154
ED 8,99.00%,477,171,9,14,6,AD   84,84008,180,491,-311
ED 9,99.00%,290,76,11,18,7,AD   84,84009,87,308,-221
ED 10,99.00%,400,156,12,20,2,AD   84,84010,168,420,-252
ED 11,99.00%,396,147,9,16,7,AD   84,84011,156,412,-256
ED 12,99.00%,345,132,8,34,14,AD   84,84012,140,379,-239
ED 13,99.00%,293,88,7,20,2,AD   84,84013,95,313,-218
ED 14,99.00%,298,76,3,22,10,AD   84,84014,79,320,-241
ED 15,83.33%,95,43,2,7,1,AD   84,84015,45,102,-57
ED 16,83.33%,149,25,4,12,9,AD   84,84016,29,161,-132
ED 17,99.00%,671,170,17,28,3,AD   84,84017,187,699,-512
ED 18,99.00%,406,150,13,10,5,AD   84,84018,163,416,-253
ED 19,99.00%,312,81,7,10,9,AD   84,84019,88,322,-234
ED 20,99.00%,420,122,7,16,2,AD   84,84020,129,436,-307
ED 21,99.00%,278,80,7,12,4,AD   84,84021,87,290,-203
ED 22,99.00%,401,123,17,14,4,AD   84,84022,140,415,-275
ED 23,99.00%,181,76,6,15,5,AD   84,84023,82,196,-114
ED 24,99.00%,198,89,6,13,6,AD   84,84024,95,211,-116
ED 25,99.00%,446,187,18,14,2,AD   84,84025,205,460,-255
ED 26,99.00%,298,106,5,15,2,AD   84,84026,111,313,-202
ED 27,99.00%,88,31,2,6,3,AD   84,84027,33,94,-61
ED 28,99.00%,470,180,13,13,2,AD   84,84028,193,483,-290
ED 29,99.00%,513,155,14,35,8,AD   84,84029,169,548,-379
ED 30,99.00%,339,112,14,9,6,AD   84,84030,126,348,-222
ED 31,99.00%,407,142,7,14,5,AD   84,84031,149,421,-272
ED 32,99.00%,369,127,4,9,5,AD   84,84032,131,378,-247
ED 33,99.00%,212,58,11,9,1,AD   84,84033,69,221,-152
ED 34,99.00%,409,132,15,22,2,AD   84,84034,147,431,-284
ED 35,99.00%,367,136,6,11,3,AD   84,84035,142,378,-236
ED 36,99.00%,391,98,8,21,3,AD   84,84036,106,412,-306
ED 37,99.00%,364,92,7,20,0,AD   84,84037,99,384,-285
ED 38,99.00%,305,147,16,21,2,AD   84,84038,163,326,-163
ED 39,99.00%,235,101,17,18,2,AD   84,84039,118,253,-135
ED 40,99.00%,220,75,3,10,6,AD   84,84040,78,230,-152
ED 41,99.00%,366,141,8,19,8,AD   84,84041,149,385,-236
ED 42,99.00%,331,83,6,8,6,AD   84,84042,89,339,-250
ED 43,99.00%,387,101,7,18,2,AD   84,84043,108,405,-297
ED 44,99.00%,301,85,5,17,0,AD   84,84044,90,318,-228
ED 45,99.00%,349,107,11,19,4,AD   84,84045,118,368,-250
ED 46,99.00%,351,104,10,12,3,AD   84,84046,114,363,-249
ED 47,99.00%,229,97,8,17,0,AD   84,84047,105,246,-141
ED 48,99.00%,395,94,11,29,8,AD   84,84048,105,424,-319
ED 49,99.00%,205,60,4,6,0,AD   84,84049,64,211,-147
ED 50,99.00%,245,105,4,11,2,AD   84,84050,109,256,-147
ED 51,99.00%,424,82,12,38,18,AD   84,84051,94,462,-368
ED 52,99.00%,62,18,4,4,0,AD   84,84052,22,66,-44
ED 53,99.00%,69,19,1,10,2,AD   84,84053,20,79,-59
ED 54,99.00%,160,51,4,11,2,AD   84,84054,55,171,-116
ED 55,99.00%,452,156,10,26,4,AD   84,84055,166,478,-312
ED 56,99.00%,152,54,4,10,6,AD   84,84056,58,162,-104
ED 57,99.00%,233,66,13,12,1,AD   84,84057,79,245,-166
ED 58,99.00%,345,139,8,11,2,AD   84,84058,147,356,-209
ED 59,99.00%,28,12,0,3,0,AD   84,84059,12,31,-19
ED 60,99.00%,50,28,0,3,0,AD   84,84060,28,53,-25
ED 61,99.00%,165,39,6,8,0,AD   84,84061,45,173,-128
ED 62,99.00%,0,0,0,0,0,AD   84,84062,0,0,0
ED 63,83.33%,0,0,0,0,0,AD   84,84063,0,0,0
ED 64,99.00%,123,46,3,7,1,AD   84,84064,49,130,-81
ED 65,99.00%,158,67,2,5,3,AD   84,84065,69,163,-94
ED 66,99.00%,142,32,5,19,3,AD   84,84066,37,161,-124
ED 67,99.00%,219,23,5,14,2,AD   84,84067,28,233,-205
ED 1,99.00%,747,177,22,47,9,AD   85,85001,199,794,-595
ED 2,83.33%,492,188,15,26,8,AD   85,85002,203,518,-315
ED 3,83.33%,367,179,7,12,7,AD   85,85003,186,379,-193
ED 4,99.00%,409,185,14,21,7,AD   85,85004,199,430,-231
ED 5,99.00%,588,179,8,25,13,AD   85,85005,187,613,-426
ED 6,99.00%,319,115,8,13,1,AD   85,85006,123,332,-209
ED 7,99.00%,288,96,3,3,5,AD   85,85007,99,291,-192
ED 8,83.33%,184,69,4,3,3,AD   85,85008,73,187,-114
ED 9,99.00%,453,193,22,18,13,AD   85,85009,215,471,-256
ED 10,99.00%,294,85,6,16,4,AD   85,85010,91,310,-219
ED 11,85.71%,354,97,8,6,2,AD   85,85011,105,360,-255
ED 12,85.71%,307,92,4,10,1,AD   85,85012,96,317,-221
ED 13,85.71%,379,112,9,14,7,AD   85,85013,121,393,-272
ED 14,99.00%,428,93,3,13,3,AD   85,85014,96,441,-345
ED 15,99.00%,731,105,9,26,4,AD   85,85015,114,757,-643
ED 16,99.00%,437,93,8,15,3,AD   85,85016,101,452,-351
ED 17,99.00%,360,112,12,14,4,AD   85,85017,124,374,-250
ED 18,99.00%,9,8,2,0,0,AD   85,85018,10,9,1
ED 19,99.00%,379,123,6,14,11,AD   85,85019,129,393,-264
ED 20,99.00%,399,103,5,14,0,AD   85,85020,108,413,-305
ED 21,99.00%,485,141,11,19,21,AD   85,85021,152,504,-352
ED 22,99.00%,485,176,12,25,9,AD   85,85022,188,510,-322
ED 23,99.00%,240,91,5,10,2,AD   85,85023,96,250,-154
ED 24,99.00%,171,73,6,8,3,AD   85,85024,79,179,-100
ED 25,99.00%,370,94,7,12,2,AD   85,85025,101,382,-281
ED 26,99.00%,280,90,4,5,0,AD   85,85026,94,285,-191
ED 27,99.00%,216,73,5,9,3,AD   85,85027,78,225,-147
ED 28,99.00%,553,164,13,24,7,AD   85,85028,177,577,-400
ED 29,99.00%,431,165,11,23,2,AD   85,85029,176,454,-278
ED 30,83.33%,265,111,5,10,5,AD   85,85030,116,275,-159
ED 31,83.33%,329,103,5,14,0,AD   85,85031,108,343,-235
ED 32,83.33%,264,92,11,13,5,AD   85,85032,103,277,-174
ED 33,99.00%,221,71,7,15,1,AD   85,85033,78,236,-158
ED 34,99.00%,344,97,10,13,1,AD   85,85034,107,357,-250
ED 35,99.00%,423,162,8,11,4,AD   85,85035,170,434,-264
ED 36,99.00%,438,169,17,29,3,AD   85,85036,186,467,-281
ED 37,99.00%,320,112,7,11,1,AD   85,85037,119,331,-212
ED 38,99.00%,0,1,0,0,0,AD   85,85038,1,0,1
ED 39,99.00%,489,174,12,20,1,AD   85,85039,186,509,-323
ED 40,99.00%,284,105,12,19,1,AD   85,85040,117,303,-186
ED 41,99.00%,455,177,6,13,3,AD   85,85041,183,468,-285
ED 42,99.00%,325,103,10,4,4,AD   85,85042,113,329,-216
ED 43,99.00%,389,123,12,22,14,AD   85,85043,135,411,-276
ED 44,99.00%,329,143,5,9,1,AD   85,85044,148,338,-190
ED 45,99.00%,297,144,12,10,5,AD   85,85045,156,307,-151
ED 46,99.00%,469,116,9,18,6,AD   85,85046,125,487,-362
ED 47,99.00%,181,85,6,7,0,AD   85,85047,91,188,-97
ED 48,99.00%,222,87,8,9,1,AD   85,85048,95,231,-136
ED 49,99.00%,214,113,11,9,2,AD   85,85049,124,223,-99
ED 50,99.00%,343,140,9,11,6,AD   85,85050,149,354,-205
ED 51,99.00%,868,55,11,26,5,AD   85,85051,66,894,-828
ED 52,99.00%,776,137,19,23,5,AD   85,85052,156,799,-643
ED 53,99.00%,513,52,7,11,4,AD   85,85053,59,524,-465
ED 54,99.00%,337,114,9,18,3,AD   85,85054,123,355,-232
ED 55,99.00%,0,0,0,0,0,AD   85,85055,0,0,0
ED 56,99.00%,0,0,0,0,0,AD   85,85056,0,0,0
ED 57,99.00%,0,0,0,0,0,AD   85,85057,0,0,0
ED 58,99.00%,0,0,0,0,0,AD   85,85058,0,0,0
ED 59,99.00%,0,0,0,0,0,AD   85,85059,0,0,0
ED 60,99.00%,0,0,0,0,0,AD   85,85060,0,0,0
ED 61,99.00%,0,0,0,0,0,AD   85,85061,0,0,0
ED 62,99.00%,0,0,0,0,0,AD   85,85062,0,0,0
ED 63,99.00%,0,0,0,0,0,AD   85,85063,0,0,0
ED 64,99.00%,0,0,0,0,0,AD   85,85064,0,0,0
ED 65,99.00%,0,0,0,0,0,AD   85,85065,0,0,0
ED 66,99.00%,0,0,0,0,0,AD   85,85066,0,0,0
ED 67,99.00%,0,0,0,0,0,AD   85,85067,0,0,0
ED 68,99.00%,0,0,0,0,0,AD   85,85068,0,0,0
ED 69,99.00%,0,0,0,0,0,AD   85,85069,0,0,0
ED 70,99.00%,0,0,0,0,0,AD   85,85070,0,0,0
ED 71,99.00%,0,0,0,0,0,AD   85,85071,0,0,0
ED 72,99.00%,0,0,0,0,0,AD   85,85072,0,0,0
ED 73,99.00%,0,0,0,0,0,AD   85,85073,0,0,0
ED 74,99.00%,0,0,0,0,0,AD   85,85074,0,0,0
ED 75,99.00%,0,0,0,0,0,AD   85,85075,0,0,0
ED 76,99.00%,0,0,0,0,0,AD   85,85076,0,0,0
ED 77,99.00%,0,0,0,0,0,AD   85,85077,0,0,0
ED 78,99.00%,0,0,0,0,0,AD   85,85078,0,0,0
ED 79,99.00%,0,0,0,0,0,AD   85,85079,0,0,0
ED 80,99.00%,0,0,0,0,0,AD   85,85080,0,0,0
ED 81,99.00%,0,0,0,0,0,AD   85,85081,0,0,0
ED 82,99.00%,0,0,0,0,0,AD   85,85082,0,0,0
ED 83,99.00%,0,0,0,0,0,AD   85,85083,0,0,0
ED 84,99.00%,43,8,2,0,0,AD   85,85084,10,43,-33
ED 85,83.33%,12,9,0,0,0,AD   85,85085,9,12,-3
ED 86,83.33%,1,5,1,0,0,AD   85,85086,6,1,5
ED 1,99.00%,338,151,7,8,2,AD   86,86001,158,346,-188
ED 2,99.00%,422,168,10,14,5,AD   86,86002,178,436,-258
ED 3,99.00%,46,17,0,3,2,AD   86,86003,17,49,-32
ED 4,99.00%,339,151,7,8,4,AD   86,86004,158,347,-189
ED 5,99.00%,324,184,11,11,2,AD   86,86005,195,335,-140
ED 6,99.00%,305,170,6,10,5,AD   86,86006,176,315,-139
ED 7,99.00%,445,207,10,7,7,AD   86,86007,217,452,-235
ED 8,99.00%,301,172,10,15,5,AD   86,86008,182,316,-134
ED 9,99.00%,486,230,16,15,2,AD   86,86009,246,501,-255
ED 10,85.71%,335,103,12,5,8,AD   86,86010,115,340,-225
ED 11,85.71%,278,131,10,9,3,AD   86,86011,141,287,-146
ED 12,99.00%,388,178,5,11,2,AD   86,86012,183,399,-216
ED 13,99.00%,363,256,13,13,7,AD   86,86013,269,376,-107
ED 14,99.00%,292,155,5,4,4,AD   86,86014,160,296,-136
ED 15,99.00%,266,100,6,3,4,AD   86,86015,106,269,-163
ED 16,99.00%,414,187,13,7,21,AD   86,86016,200,421,-221
ED 17,99.00%,287,105,3,10,1,AD   86,86017,108,297,-189
ED 18,99.00%,362,190,11,3,5,AD   86,86018,201,365,-164
ED 19,99.00%,307,162,9,16,2,AD   86,86019,171,323,-152
ED 20,99.00%,302,132,5,11,6,AD   86,86020,137,313,-176
ED 21,99.00%,323,186,11,3,2,AD   86,86021,197,326,-129
ED 22,99.00%,293,132,9,7,5,AD   86,86022,141,300,-159
ED 23,99.00%,296,127,6,14,8,AD   86,86023,133,310,-177
ED 24,99.00%,256,175,8,7,2,AD   86,86024,183,263,-80
ED 25,99.00%,222,183,8,6,2,AD   86,86025,191,228,-37
ED 26,90.00%,338,193,10,9,2,AD   86,86026,203,347,-144
ED 27,90.00%,261,134,5,11,2,AD   86,86027,139,272,-133
ED 28,90.00%,257,110,11,17,3,AD   86,86028,121,274,-153
ED 29,90.00%,248,123,7,12,4,AD   86,86029,130,260,-130
ED 30,99.00%,350,205,10,16,9,AD   86,86030,215,366,-151
ED 31,99.00%,408,134,11,16,4,AD   86,86031,145,424,-279
ED 32,99.00%,336,105,5,14,4,AD   86,86032,110,350,-240
ED 33,99.00%,426,216,17,4,2,AD   86,86033,233,430,-197
ED 34,99.00%,297,175,9,7,5,AD   86,86034,184,304,-120
ED 35,99.00%,184,54,2,7,0,AD   86,86035,56,191,-135
ED 36,99.00%,279,93,8,5,5,AD   86,86036,101,284,-183
ED 37,99.00%,378,129,7,15,5,AD   86,86037,136,393,-257
ED 38,99.00%,389,136,11,16,3,AD   86,86038,147,405,-258
ED 39,99.00%,209,86,10,9,1,AD   86,86039,96,218,-122
ED 40,99.00%,39,23,0,3,0,AD   86,86040,23,42,-19
ED 41,99.00%,368,147,10,12,5,AD   86,86041,157,380,-223
ED 42,99.00%,39,15,0,1,0,AD   86,86042,15,40,-25
ED 43,99.00%,375,144,7,11,5,AD   86,86043,151,386,-235
ED 44,99.00%,90,37,0,2,2,AD   86,86044,37,92,-55
ED 45,99.00%,62,42,1,3,0,AD   86,86045,43,65,-22
ED 46,99.00%,208,117,5,7,2,AD   86,86046,122,215,-93
ED 47,99.00%,316,137,6,6,1,AD   86,86047,143,322,-179
ED 48,99.00%,258,115,7,11,4,AD   86,86048,122,269,-147
ED 49,99.00%,433,134,11,12,3,AD   86,86049,145,445,-300
ED 50,99.00%,384,189,8,23,5,AD   86,86050,197,407,-210
ED 51,99.00%,336,187,7,6,5,AD   86,86051,194,342,-148
ED 52,99.00%,393,232,9,8,6,AD   86,86052,241,401,-160
ED 53,99.00%,269,122,8,12,3,AD   86,86053,130,281,-151
ED 54,99.00%,0,0,0,0,0,AD   86,86054,0,0,0
ED 55,99.00%,0,0,0,0,0,AD   86,86055,0,0,0
ED 1,99.00%,121,30,2,6,0,AD   87,87001,32,127,-95
ED 2,99.00%,363,152,9,12,3,AD   87,87002,161,375,-214
ED 3,99.00%,407,194,10,15,5,AD   87,87003,204,422,-218
ED 4,99.00%,221,83,8,6,3,AD   87,87004,91,227,-136
ED 5,99.00%,168,57,3,2,0,AD   87,87005,60,170,-110
ED 6,99.00%,487,166,12,23,6,AD   87,87006,178,510,-332
ED 7,99.00%,449,142,6,13,7,AD   87,87007,148,462,-314
ED 8,99.00%,141,50,4,5,2,AD   87,87008,54,146,-92
ED 9,99.00%,468,154,12,18,4,AD   87,87009,166,486,-320
ED 10,99.00%,303,119,12,12,4,AD   87,87010,131,315,-184
ED 11,99.00%,386,171,16,17,11,AD   87,87011,187,403,-216
ED 12,99.00%,359,112,7,33,8,AD   87,87012,119,392,-273
ED 13,99.00%,334,117,10,8,12,AD   87,87013,127,342,-215
ED 14,99.00%,492,144,6,24,29,AD   87,87014,150,516,-366
ED 15,99.00%,559,100,14,18,12,AD   87,87015,114,577,-463
ED 16,99.00%,517,125,9,17,10,AD   87,87016,134,534,-400
ED 17,99.00%,457,85,7,21,16,AD   87,87017,92,478,-386
ED 18,99.00%,610,97,11,25,15,AD   87,87018,108,635,-527
ED 19,99.00%,599,115,15,23,12,AD   87,87019,130,622,-492
ED 20,99.00%,479,93,8,25,14,AD   87,87020,101,504,-403
ED 21,99.00%,471,108,10,45,5,AD   87,87021,118,516,-398
ED 22,99.00%,505,132,15,25,9,AD   87,87022,147,530,-383
ED 23,99.00%,593,138,15,38,17,AD   87,87023,153,631,-478
ED 24,99.00%,560,160,15,24,31,AD   87,87024,175,584,-409
ED 25,85.71%,502,164,13,22,14,AD   87,87025,177,524,-347
ED 26,85.71%,466,156,14,11,20,AD   87,87026,170,477,-307
ED 27,85.71%,405,163,11,25,21,AD   87,87027,174,430,-256
ED 28,99.00%,434,204,14,19,17,AD   87,87028,218,453,-235
ED 29,99.00%,374,136,11,25,26,AD   87,87029,147,399,-252
ED 30,99.00%,413,193,19,15,26,AD   87,87030,212,428,-216
ED 31,99.00%,421,243,18,20,32,AD   87,87031,261,441,-180
ED 32,99.00%,429,227,16,19,21,AD   87,87032,243,448,-205
ED 33,99.00%,1,3,1,0,0,AD   87,87033,4,1,3
ED 34,99.00%,134,72,6,11,10,AD   87,87034,78,145,-67
ED 35,99.00%,314,105,7,21,5,AD   87,87035,112,335,-223
ED 36,99.00%,43,33,1,1,0,AD   87,87036,34,44,-10
ED 37,99.00%,34,8,0,0,0,AD   87,87037,8,34,-26
ED 38,99.00%,363,202,9,13,14,AD   87,87038,211,376,-165
ED 39,99.00%,350,240,5,15,22,AD   87,87039,245,365,-120
ED 40,99.00%,405,152,8,6,18,AD   87,87040,160,411,-251
ED 41,99.00%,283,197,7,14,25,AD   87,87041,204,297,-93
ED 42,99.00%,506,182,19,26,22,AD   87,87042,201,532,-331
ED 43,99.00%,331,152,7,11,19,AD   87,87043,159,342,-183
ED 44,99.00%,349,159,17,14,24,AD   87,87044,176,363,-187
ED 45,99.00%,456,192,19,15,16,AD   87,87045,211,471,-260
ED 46,99.00%,488,102,10,12,1,AD   87,87046,112,500,-388
ED 47,99.00%,457,197,19,21,11,AD   87,87047,216,478,-262
ED 48,99.00%,461,186,12,26,8,AD   87,87048,198,487,-289
ED 49,99.00%,545,116,11,21,3,AD   87,87049,127,566,-439
ED 50,99.00%,337,92,10,5,1,AD   87,87050,102,342,-240
ED 51,99.00%,384,116,7,13,2,AD   87,87051,123,397,-274
ED 52,99.00%,323,60,5,18,1,AD   87,87052,65,341,-276
ED 53,99.00%,480,129,13,9,8,AD   87,87053,142,489,-347
ED 54,99.00%,574,117,5,19,1,AD   87,87054,122,593,-471
ED 55,99.00%,448,166,13,18,8,AD   87,87055,179,466,-287
ED 56,99.00%,4,3,0,1,0,AD   87,87056,3,5,-2
ED 57,99.00%,0,0,0,0,0,AD   87,87057,0,0,0
ED 58,99.00%,0,0,0,0,0,AD   87,87058,0,0,0
ED 59,99.00%,0,0,0,0,0,AD   87,87059,0,0,0
